-993.0
-997.0
-990.0
-988.0
-975.0
-967.0
-955.0
-968.0
-954.0
-946.0
-942.0
-928.0
-948.0
-945.0
-936.0
-908.0
-951.0
-967.0
-949.0
-935.0
-961.0
-953.0
-935.0
-926.0
-923.0
-911.0
-897.0
-893.0
-901.0
-885.0
-899.0
-911.0
-875.0
-932.0
-893.0
-952.0
-870.0
-887.0
-958.0
-914.0
-892.0
-903.0
-881.0
-869.0
-850.0
-893.0
-893.0
-875.0
-997.0
-888.0
-886.0
-925.0
-887.0
-868.0
-842.0
-896.0
-853.0
-850.0
-884.0
-853.0
-842.0
-828.0
-933.0
-831.0
-879.0
-868.0
-814.0
-868.0
-844.0
-870.0
-813.0
-831.0
-861.0
-871.0
-805.0
-796.0
-911.0
-851.0
-842.0
-839.0
-860.0
-836.0
-858.0
-913.0
-791.0
-814.0
248.0
-928.0
-884.0
-895.0
-840.0
-924.0
-890.0
225.0
-845.0
-872.0
-899.0
-835.0
-845.0
-927.0
-918.0
-927.0
-918.0
-887.0
-851.0
-925.0
-857.0
-860.0
-872.0
-890.0
-870.0
-954.0
-923.0
-906.0
-826.0
-884.0
-863.0
-851.0
-884.0
-793.0
-849.0
-892.0
-845.0
-882.0
-857.0
-847.0
-841.0
-891.0
244.0
-772.0
-925.0
245.0
-915.0
220.0
171.0
216.0
-851.0
-904.0
-914.0
-926.0
-926.0
-857.0
-910.0
-926.0
-854.0
-854.0
-854.0
-835.0
-876.0
-854.0
-836.0
-854.0
-915.0
-854.0
-872.0
-862.0
-854.0
-916.0
217.0
-873.0
-915.0
150.0
-857.0
-892.0
182.0
-835.0
-834.0
-846.0
-868.0
152.0
189.0
-856.0
-832.0
-814.0
1155.0
-857.0
1161.0
148.0
-909.0
-912.0
-857.0
-894.0
-842.0
-839.0
-856.0
-857.0
-835.0
-857.0
-854.0
-854.0
-853.0
-851.0
1162.0
-908.0
-854.0
-829.0
191.0
-925.0
-927.0
-927.0
-930.0
-899.0
-913.0
-911.0
-897.0
-908.0
-899.0
-905.0
-899.0
-834.0
-912.0
-867.0
-877.0
-919.0
-877.0
-887.0
149.0
-878.0
-872.0
161.0
-902.0
-868.0
-802.0
-877.0
-853.0
1177.0
-829.0
-839.0
-841.0
1182.0
-855.0
1179.0
-865.0
1163.0
1169.0
1176.0
1176.0
1197.0
1196.0
1166.0
1166.0
1166.0
1194.0
1166.0
1194.0
-814.0
1176.0
-818.0
-834.0
1172.0
1176.0
1197.0
1181.0
1179.0
1179.0
1179.0
1149.0
1190.0
1176.0
1176.0
1179.0
1194.0
-822.0
1179.0
1176.0
-903.0
1179.0
220.0
1179.0
1176.0
1168.0
-909.0
1171.0
1194.0
1171.0
1176.0
-846.0
1206.0
1180.0
1179.0
1180.0
1176.0
-848.0
1194.0
1165.0
1176.0
1179.0
1168.0
1194.0
1179.0
1171.0
1176.0
1194.0
1179.0
1176.0
1168.0
1176.0
1168.0
1179.0
1194.0
